0001100000000000 1615740718 0
0001100000000001 1615642710 0
0001100000000003 1615687791 0
0001100000000006 1615616829 0
0001100000000010 1615828682 1
0001100000000015 1615710551 0
0001100000000021 1615592397 0
0001100000000028 1615804677 0
0001100000000036 1615851667 0
0001100000000045 1615566846 0
0001100000000055 1615613542 0
0001100000000066 1615826513 0
0001100000000078 1615543314 0
0001100000000091 1615754472 0
0001100000000105 1615801527 0
0001100000000120 1615848566 0
0001100000000136 1615564277 0
0001100000000153 1615611248 0
0001100000000171 1615657701 0
0001100000000190 1615704441 0
0001100000000210 1615586889 0
0001100000000231 1615633274 0
0001100000000253 1615846546 0
0001100000000276 1615727390 0
0001100000000300 1615609326 0
0001100000000325 1615820811 0
0001100000000351 1615701135 0
0001100000000378 1615747480 0
0001100000000406 1615796376 0
0001100000000435 1615796376 0
0001100000000465 1615843260 0
0001100000000496 1615723961 0
0001100000000528 1615604593 0
0001100000000561 1615816671 0
0001100000000595 1615864459 0
0001100000000630 1615745689 0
0001100000000666 1615627497 0
0001100000000703 1615673468 0
0001100000000741 1615556266 0
0001100000000780 1615602689 1
0001100000000820 1615649816 0
0001100000000861 1615697171 0
0001100000000903 1615744797 0
0001100000000946 1615791391 0
0001100000000990 1615837404 0
0001100000001035 1615553766 0
0001100000001081 1615598421 0
0001100000001128 1615811963 0
0001100000001176 1615692622 0
0001100000001225 1615573970 0
0001100000001275 1615786342 0
0001100000001326 1615667371 0
0001100000001378 1615547746 0
0001100000001431 1615762543 0
0001100000001485 1615810807 0
0001100000001540 1615690207 0
0001100000001596 1615737348 0
0001100000001653 1615783938 0
0001100000001711 1615665804 0
0001100000001770 1615548616 0
0001100000001830 1615759945 0
0001100000001891 1615806509 0
0001100000001953 1615688455 1
0001100000002016 1615568671 0
0001100000002080 1615614347 0
0001100000002145 1615662018 0
0001100000002211 1615543579 0
0001100000002278 1615591496 0
0001100000002346 1615637770 0
0001100000002415 1615684659 0
0001100000002485 1615566025 0
0001100000002556 1615779513 0
0001100000002628 1615825721 0
0001100000002701 1615540913 0
0001100000002775 1615588135 1
0001100000002850 1615635590 0
0001100000002926 1615682378 0
0001100000003003 1615562710 0
0001100000003081 1615610521 0
0001100000003160 1615538242 0
0001100000003240 1615750367 0
0001100000003321 1615632087 0
0001100000003403 1615843965 0
0001100000003486 1615726956 0
0001100000003570 1615607645 0
0001100000003655 1615654881 0
0001100000003741 1615866271 0
0001100000003828 1615747627 0
0001100000003916 1615794128 0
0001100000004005 1615677357 0
0001100000004095 1615723343 1
0001100000004186 1615603088 0
0001100000004278 1615651616 0
0001100000004371 1615863414 0
0001100000004465 1615580224 0
0001100000004560 1615626685 0
0001100000004656 1615838194 1
0001100000004753 1615719537 0
0001100000004851 1615602606 0
0001100000004950 1615649587 0
0001100000005050 1615695164 0
