0002100000000000 1618099864 0
0002100000000001 1617974306 0
0002100000000003 1618022142 0
0002100000000006 1617902981 0
0002100000000010 1617997099 0
0002100000000015 1618044687 0
0002100000000021 1618091597 1
0002100000000028 1618136899 0
0002100000000036 1618019705 0
0002100000000045 1618066134 0
0002100000000055 1617947105 0
0002100000000066 1617876050 0
0002100000000078 1618087889 0
0002100000000091 1617969920 0
0002100000000105 1617849616 0
0002100000000120 1618063298 0
0002100000000136 1617943084 0
0002100000000153 1617990733 1
0002100000000171 1618084748 0
0002100000000190 1617968329 0
0002100000000210 1617847730 0
